18 0.3345454546875 0.8306010921875 0.3636363640625 0.8797814203125001 0.44000000000000006 0.9125683062500001 0.549090909375 0.9125683062500001 0.61818181875 0.8524590156249999 0.6363636359375 0.7486338796875 0.5963636359375 0.64480874375 0.530909090625 0.6174863390625001 0.41818181875000004 0.6174863390625001 0.3672727265625 0.6612021859375 0.3272727265625 0.7486338796875 0.3345454546875 0.8306010921875
18 0.1236363640625 0.7486338796875 0.16363636406249998 0.81420765 0.26181818125 0.8251366125 0.3236363640625 0.7868852453125 0.34181818124999996 0.7049180328125 0.3963636359375 0.63387978125 0.37818181875 0.54098360625 0.3454545453125 0.4808743171875 0.26181818125 0.4699453546875 0.18181818125 0.5245901640625 0.1272727265625 0.6393442625 0.1236363640625 0.7486338796875
18 0.08 0.584699453125 0.130909090625 0.6393442625 0.2 0.508196721875 0.25818181875 0.4699453546875 0.25818181875 0.4426229515625 0.24 0.3606557375 0.2 0.2896174859375 0.1236363640625 0.278688525 0.05818181875 0.3387978140625 0.0472727265625 0.464480875 0.08 0.584699453125
18 0.5963636359375 0.6229508203125 0.6327272734375 0.7049180328125 0.6363636359375 0.7759562843750001 0.6654545453125 0.7978142078125 0.7745454546875 0.7759562843750001 0.850909090625 0.672131146875 0.85818181875 0.584699453125 0.8436363640625 0.5245901640625 0.8036363640624999 0.47540983593749997 0.73818181875 0.464480875 0.6836363640625 0.47540983593749997 0.6472727265625 0.508196721875 0.5963636359375 0.6229508203125
18 0.39272727343749997 0.535519125 0.3963636359375 0.6229508203125 0.5236363640625 0.601092896875 0.6 0.6393442625 0.6145454546875 0.5737704921875 0.6472727265625 0.5191256828124999 0.64 0.464480875 0.58181818125 0.398907103125 0.50181818125 0.3934426234375 0.44000000000000006 0.4316939890625 0.40727272656249996 0.4808743171875 0.39272727343749997 0.535519125
18 0.25818181875 0.4699453546875 0.3454545453125 0.48633879843749994 0.39272727343749997 0.584699453125 0.41454545468750004 0.47540983593749997 0.450909090625 0.42622950781249996 0.4472727265625 0.3770491796875 0.40727272656249996 0.2677595625 0.370909090625 0.24043715781250002 0.32 0.24043715781250002 0.27999999999999997 0.27322404375 0.2545454546875 0.32786885312499997 0.25818181875 0.4699453546875
18 0.4436363640625 0.42076502656250003 0.5636363640625001 0.398907103125 0.62181818125 0.42076502656250003 0.6363636359375 0.3387978140625 0.61818181875 0.27322404375 0.5454545453125 0.18579235 0.4872727265625 0.18032786875 0.43272727343749995 0.23497267812499997 0.42181818125000003 0.278688525 0.4436363640625 0.42076502656250003
18 0.62181818125 0.4426229515625 0.6436363640625 0.5136612015625001 0.7054545453125 0.464480875 0.8109090906249999 0.491803278125 0.8363636359375001 0.47540983593749997 0.8545454546875 0.398907103125 0.8472727265625 0.31147540937499996 0.8072727265624999 0.26229508125 0.73818181875 0.2513661203125 0.6872727265624999 0.27322404375 0.64 0.3387978140625 0.62181818125 0.4426229515625
18 0.6145454546875 0.27322404375 0.6327272734375 0.3497267765625 0.70181818125 0.2677595625 0.77818181875 0.2513661203125 0.7745454546875 0.15300546406249999 0.7527272734375 0.10382513593750001 0.70181818125 0.0765027328125 0.629090909375 0.0765027328125 0.5636363640625001 0.1147540984375 0.549090909375 0.19125683124999998 0.6145454546875 0.27322404375
18 0.3672727265625 0.24043715781250002 0.41818181875000004 0.2950819671875 0.46181818124999996 0.20218579218750002 0.549090909375 0.18579235 0.5599999999999999 0.131147540625 0.5454545453125 0.043715846875 0.509090909375 0.0218579234375 0.44000000000000006 0.0218579234375 0.389090909375 0.0655737703125 0.3563636359375 0.136612021875 0.3672727265625 0.24043715781250002
18 0.17090909062499998 0.2677595625 0.22909090937499998 0.35519125625000003 0.24727272656250002 0.4699453546875 0.25818181875 0.4699453546875 0.2545454546875 0.3715847 0.27272727343750003 0.3005464484375 0.3163636359375 0.2513661203125 0.370909090625 0.2459016390625 0.3563636359375 0.08743169375 0.25818181875 0.0765027328125 0.21090909062500002 0.10928961718750001 0.17090909062499998 0.20218579218750002 0.17090909062499998 0.2677595625